out/zaib/IMG_20180312_164235_Burst01.png 591 836 1502 1983
out/zaib/IMG_20180312_164245_Burst04.png 396 964 1174 1993
out/zaib/IMG_20180312_164237.png 513 860 1428 2017
out/zaib/IMG_20180312_164239_Burst11.png 489 942 1333 2032
out/zaib/IMG_20180312_164133.png 446 757 1394 2028
out/zaib/IMG_20180312_164239_Burst09.png 465 858 1362 2010
out/zaib/IMG_20180312_164204.png 348 549 1494 2004
out/zaib/IMG_20180312_164210.png 349 378 1420 1696
out/zaib/IMG_20180312_164147.png 517 722 1427 1923
out/zaib/IMG_20180312_164239_Burst06.png 478 844 1384 2020
out/zaib/IMG_20180312_164239_Burst20.png 368 844 1284 2003
out/zaib/IMG_20180312_164239_Burst15.png 416 852 1327 2027
out/zaib/IMG_20180312_164239_Burst12.png 485 943 1327 2031
out/zaib/IMG_20180312_164154.png 724 662 1674 1933
out/zaib/IMG_20180312_164213.png 455 393 1533 1806
out/zaib/IMG_20180312_164239_Burst02.png 483 872 1391 2037
out/zaib/IMG_20180312_164239_Burst04.png 486 871 1395 2059
out/zaib/IMG_20180312_164129.png 393 678 1311 1952
out/zaib/IMG_20180312_164239_Burst03.png 500 833 1414 2014
out/zaib/IMG_20180312_164239_Burst19.png 405 858 1295 2000
out/zaib/IMG_20180312_164218.png 385 526 1598 2129
out/zaib/IMG_20180312_164239_Burst16.png 445 857 1328 2039
out/zaib/IMG_20180312_164224.png 390 179 1585 1847
out/zaib/IMG_20180312_164230.png 537 799 1438 1959
out/zaib/IMG_20180312_164239_Burst01.png 477 866 1398 2034
out/zaib/IMG_20180312_164159.png 381 563 1452 1963
out/zaib/IMG_20180312_164215.png 333 508 1464 2029
out/zaib/IMG_20180312_164149.png 492 695 1469 1949
out/zaib/IMG_20180312_164239_Burst10.png 486 938 1336 2035
out/zaib/IMG_20180312_164201.png 218 472 1434 2091
out/zaib/IMG_20180312_164143.png 550 644 1504 1886
out/zaib/IMG_20180312_164239_Burst05.png 503 860 1386 2021
out/zaib/IMG_20180312_164245_Burst02.png 426 956 1196 2002
out/zaib/IMG_20180312_164221.png 411 423 1562 1928
out/zaib/IMG_20180312_164245_Burst03.png 434 958 1208 2008
out/zaib/IMG_20180312_164239_Burst17.png 414 855 1302 1995
out/zaib/IMG_20180312_164207.png 382 765 1574 2233
out/zaib/IMG_20180312_164239_Burst14.png 445 859 1325 2002
out/zaib/IMG_20180312_164245_Burst01.png 409 954 1186 2006
out/zaib/IMG_20180312_164239_Burst18.png 423 866 1308 2009
out/zaib/IMG_20180312_164157.png 417 569 1455 1982
out/zaib/IMG_20180312_164239_Burst13.png 464 929 1312 2034
out/zaib/IMG_20180312_164232.png 517 776 1420 1982
out/zaib/IMG_20180312_164239_Burst08.png 498 861 1377 2022
out/zaib/IMG_20180312_164239_Burst07.png 497 862 1373 2026
out/zaib/IMG_20180312_164138.png 382 635 1337 1913
out/zaib/IMG_20180312_164152.png 438 717 1430 2038
