out/ammar/IMG_20180312_182150.png 729 246 1546 1322
out/ammar/IMG_20180312_182105.png 694 206 1527 1313
out/ammar/IMG_20180312_182055.png 711 297 1481 1363
out/ammar/IMG_20180312_182107.png 695 77 1459 1032
out/ammar/IMG_20180312_182056.png 700 308 1452 1316
out/ammar/IMG_20180312_182056_1.png 663 360 1410 1334
out/ammar/IMG_20180312_182058.png 682 321 1420 1336
out/ammar/IMG_20180312_181533.png 586 226 1414 1326
out/ammar/IMG_20180312_181554.png 432 245 1322 1419
out/ammar/IMG_20180312_181835.png 771 212 1682 1447
out/ammar/IMG_20180312_181504.png 546 236 1363 1351
out/ammar/IMG_20180312_182320.png 692 295 1419 1262
out/ammar/IMG_20180312_181627.png 654 140 1518 1319
out/ammar/IMG_20180312_182243.png 782 288 1573 1382
out/ammar/IMG_20180312_181833.png 733 225 1608 1429
out/ammar/IMG_20180312_182059.png 726 325 1481 1331
out/ammar/IMG_20180312_181527.png 562 255 1381 1361
out/ammar/IMG_20180312_181537.png 632 252 1446 1321
out/ammar/IMG_20180312_181722.png 541 247 1408 1437
out/ammar/IMG_20180312_182252.png 729 248 1583 1375
out/ammar/IMG_20180312_181824.png 761 330 1625 1486
out/ammar/IMG_20180312_182149.png 840 311 1627 1343
out/ammar/IMG_20180312_181459.png 509 238 1335 1368
out/ammar/IMG_20180312_182153.png 816 214 1622 1292
out/ammar/IMG_20180312_182347.png 864 138 1672 1279
out/ammar/IMG_20180312_181826.png 727 315 1649 1545
out/ammar/IMG_20180312_181716.png 610 279 1464 1453
out/ammar/IMG_20180312_182003.png 721 323 1573 1446
out/ammar/IMG_20180312_181949.png 658 359 1462 1421
out/ammar/IMG_20180312_181952.png 638 352 1466 1452
