out/ahsan/IMG_20180315_165544_Burst13.png 847 451 1562 1396
out/ahsan/IMG_20180315_165652_Burst03.png 645 432 1404 1484
out/ahsan/IMG_20180315_165544_Burst07.png 796 424 1519 1439
out/ahsan/IMG_20180315_165544_Burst17.png 926 440 1671 1397
out/ahsan/IMG_20180315_165544_Burst15.png 913 443 1629 1425
out/ahsan/IMG_20180315_165544_Burst18.png 930 435 1671 1391
out/ahsan/IMG_20180315_165544_Burst03.png 802 437 1503 1423
out/ahsan/IMG_20180315_165652_Burst04.png 634 415 1403 1505
out/ahsan/IMG_20180315_165544_Burst16.png 917 444 1663 1403
out/ahsan/IMG_20180315_165544_Burst09.png 818 458 1519 1420
out/ahsan/IMG_20180315_165652_Burst15.png 585 376 1381 1414
out/ahsan/IMG_20180315_165652_Burst13.png 610 385 1413 1418
out/ahsan/IMG_20180315_165652_Burst09.png 656 413 1430 1453
out/ahsan/IMG_20180315_165544_Burst14.png 866 444 1593 1404
out/ahsan/IMG_20180315_165652_Burst16.png 588 361 1380 1411
out/ahsan/IMG_20180315_165652_Burst06.png 659 394 1444 1460
out/ahsan/IMG_20180315_165544_Burst06.png 796 430 1512 1437
out/ahsan/IMG_20180315_165544_Burst19.png 939 429 1674 1388
out/ahsan/IMG_20180315_165652_Burst14.png 596 395 1390 1414
out/ahsan/IMG_20180315_165544_Burst20.png 953 423 1687 1392
out/ahsan/IMG_20180315_165652_Burst11.png 645 408 1421 1448
out/ahsan/IMG_20180315_165652_Burst20.png 561 369 1333 1392
out/ahsan/IMG_20180315_165652_Burst02.png 624 398 1407 1480
out/ahsan/IMG_20180315_165652_Burst12.png 638 395 1416 1457
out/ahsan/IMG_20180315_165544_Burst08.png 805 432 1518 1434
out/ahsan/IMG_20180315_165652_Burst10.png 648 395 1433 1463
out/ahsan/IMG_20180315_165544_Burst10.png 798 427 1521 1440
out/ahsan/IMG_20180315_165544_Burst12.png 805 463 1532 1390
out/ahsan/IMG_20180315_165652_Burst07.png 667 396 1445 1451
out/ahsan/IMG_20180315_165544_Burst04.png 800 420 1520 1427
out/ahsan/IMG_20180315_165652_Burst05.png 630 399 1430 1506
out/ahsan/IMG_20180315_165544_Burst05.png 802 442 1517 1414
out/ahsan/IMG_20180315_165652_Burst18.png 567 353 1335 1390
out/ahsan/IMG_20180315_165652_Burst08.png 667 391 1448 1455
out/ahsan/IMG_20180315_165652_Burst19.png 563 374 1334 1398
out/ahsan/IMG_20180315_165652_Burst17.png 575 348 1379 1413
out/ahsan/IMG_20180315_165544_Burst02.png 798 436 1510 1416
out/ahsan/IMG_20180315_165544_Burst01.png 789 429 1520 1409
out/ahsan/IMG_20180315_165544_Burst11.png 805 429 1525 1437
out/ahsan/IMG_20180315_165652_Burst01.png 611 407 1389 1485
out/ajmal/IMG_20180315_165526_Burst16.png 569 151 1521 1462
out/ajmal/IMG_20180315_165450_Burst19.png 488 351 1455 1641
out/ajmal/IMG_20180315_165450_Burst02.png 483 173 1465 1502
out/ajmal/IMG_20180315_165450_Burst18.png 487 337 1449 1624
out/ajmal/IMG_20180315_165526_Burst01.png 522 139 1532 1485
out/ajmal/IMG_20180315_165450_Burst16.png 472 242 1457 1558
out/ajmal/IMG_20180315_165526_Burst07.png 542 111 1557 1496
out/ajmal/IMG_20180315_165450_Burst06.png 407 162 1400 1490
out/ajmal/IMG_20180315_165526_Burst12.png 586 161 1572 1453
out/ajmal/IMG_20180315_165526_Burst03.png 518 136 1524 1493
out/ajmal/IMG_20180315_165526_Burst02.png 520 140 1524 1490
out/ajmal/IMG_20180315_165450_Burst08.png 432 197 1382 1471
out/ajmal/IMG_20180315_165526_Burst15.png 598 186 1527 1450
out/ajmal/IMG_20180315_165450_Burst17.png 438 336 1439 1626
out/ajmal/IMG_20180315_165526_Burst18.png 511 249 1464 1481
out/ajmal/IMG_20180315_165450_Burst10.png 494 205 1439 1485
out/ajmal/IMG_20180315_165450_Burst14.png 508 187 1493 1493
out/ajmal/IMG_20180315_165526_Burst11.png 583 134 1575 1473
out/ajmal/IMG_20180315_165450_Burst20.png 490 302 1474 1651
out/ajmal/IMG_20180315_165526_Burst17.png 529 144 1503 1446
out/ajmal/IMG_20180315_165526_Burst19.png 510 251 1459 1479
out/ajmal/IMG_20180315_165526_Burst09.png 586 153 1551 1468
out/ajmal/IMG_20180315_165526_Burst10.png 594 173 1559 1468
out/ajmal/IMG_20180315_165526_Burst20.png 513 252 1460 1476
out/ajmal/IMG_20180315_165450_Burst03.png 458 213 1426 1494
out/ajmal/IMG_20180315_165526_Burst05.png 548 147 1514 1487
out/ajmal/IMG_20180315_165450_Burst07.png 436 195 1390 1475
out/ajmal/IMG_20180315_165526_Burst13.png 594 160 1568 1462
out/ajmal/IMG_20180315_165526_Burst14.png 621 213 1541 1467
out/ajmal/IMG_20180315_165450_Burst12.png 501 182 1484 1478
out/ajmal/IMG_20180315_165450_Burst04.png 435 186 1401 1486
out/ajmal/IMG_20180315_165450_Burst15.png 523 259 1459 1503
out/ajmal/IMG_20180315_165526_Burst04.png 527 147 1523 1491
out/ajmal/IMG_20180315_165450_Burst09.png 454 204 1405 1482
out/ajmal/IMG_20180315_165450_Burst13.png 514 188 1490 1477
out/ajmal/IMG_20180315_165450_Burst01.png 499 171 1476 1505
out/ajmal/IMG_20180315_165526_Burst06.png 570 157 1526 1466
out/ajmal/IMG_20180315_165526_Burst08.png 565 137 1562 1473
out/ajmal/IMG_20180315_165450_Burst11.png 497 184 1472 1482
out/ajmal/IMG_20180315_165450_Burst05.png 430 189 1391 1481
